rightTO=15,4440.593317585042
barrier,4451.293975406281
rightTO=9,4451.326318400873