rightTO=0,3780.6714552920535
rightTO=14,3796.992986990892