rightTO=8,1050.6317997905892
rightTO=19,1079.1493719182572