rightTO=25,4277.746352364076
barrier,4279.396093850793
rightTO=5,4279.4673631391415