rightTO=0,305.36904633722736
barrier,313.2760360363016
rightTO=20,313.3137779860881