rightTO=9,4500.647519200802
barrier,4510.261118017504
rightTO=2,4510.306042572608