rightTO=9,2670.568436242174
barrier,2682.955384797948
rightTO=2,2683.0226985234685