rightTO=19,210.53477159747038
rightTO=19,210.53477159747038