rightTO=16,1200.4810639499606
cutout,1275.8973277408627
evtEnd,1280.3656482126448
rightTO=5,1280.4449908482397
rightTO=0,1465.4367917793306