rightTO=14,3060.5926759924464
rightTO=14,3070.991164730806
objTurnOff,3071.718050233855
evtEnd,3074.958362621836
rightTO=0,3086.678007470141