rightTO=7,30.475916116429985
barrier,33.07888906315848
rightTO=19,33.12735034313159
barrier,40.890478393891065
rightTO=5,40.93278586053425