rightTO=4,1020.6477315432874
barrier,1039.7598982748684
rightTO=8,1039.8465417376985