rightTO=13,601.7754409089458
lcRel,627.6814274710425
evtEnd,632.9248866871238
rightTO=2,633.0460028615645
rightTO=2,696.5297444546266