rightTO=14,4020.6732211641934
rightTO=24,4022.293420842967
barrier,4032.6943362378142
rightTO=5,4032.7460607807984
barrier,4038.459863241264
rightTO=9,4038.644593751921