rightTO=13,0.817638614108513
rightTO=2,253.0888889670475
cutin,254.036554898029
evtEnd,258.0229668545318
rightTO=11,258.1510126090028