rightTO=27,2790.6946498422117
barrier,2811.5378937229625
rightTO=0,2811.5779666979256
barrier,2818.494844375093
rightTO=2,2818.538828472413