rightTO=0,600.3917956352437
rightTO=0,871.757397838834