lcRel,926.0092178079968
evtEnd,931.8583802890549
rightTO=0,931.9391395857172
rightTO=0,1097.6138266955359
rightTO=0,1102.1847956668605