rightTO=8,1200.577582117674
lcRel,1234.638165901443
evtEnd,1239.5520697867582
rightTO=0,1239.6781407902297
rightTO=17,1304.8937564511007