rightTO=7,1200.5092087801802
cutin,1239.1274022450943
evtEnd,1240.746601667401
rightTO=4,1240.8562893702024
rightTO=3,1273.5106053840786