rightTO=4,421.01731394992606
barrier,436.89139789092496
rightTO=6,436.91887802138996